1.464645e-02 -5.358559e-03 -1.330961e-04 1.000000e+00 8.182114e-05 3.392886e-05 1.356803e-04
2.149615e-02 -1.001409e-02 5.863123e-04 1.000000e+00 1.399677e-04 3.342606e-05 -5.250725e-05
2.337258e-02 -5.322386e-03 4.601720e-04 1.000000e+00 8.391794e-05 -4.479790e-07 -1.507895e-05
2.322764e-02 -9.772218e-03 8.646300e-05 1.000000e+00 1.064491e-04 -2.554764e-05 -3.242014e-05
2.406869e-02 -2.818995e-03 1.866091e-03 1.000000e+00 6.381907e-05 -9.031903e-05 -1.919806e-04
2.269000e-02 3.784412e-03 1.618966e-03 1.000000e+00 -1.014522e-04 -2.309364e-04 6.848678e-05
2.131314e-02 1.091368e-02 1.403192e-03 9.999999e-01 -1.467632e-04 -4.567277e-04 6.454019e-05
4.087435e-02 4.904591e-03 -3.891397e-04 9.999998e-01 -2.039018e-04 -6.533448e-04 -1.293988e-04
4.920667e-02 6.983269e-03 1.456019e-03 9.999998e-01 -1.289916e-04 -5.290306e-04 -4.330126e-04
7.252069e-02 4.948671e-04 6.188455e-04 9.999999e-01 -4.734422e-05 -1.826602e-04 -3.793484e-04
9.609959e-02 -1.159722e-03 4.597618e-04 9.999997e-01 -3.262564e-05 9.688320e-05 -7.441260e-04
1.122867e-01 -7.643133e-05 -6.599791e-04 9.999995e-01 -1.463668e-05 1.349140e-04 -9.566426e-04
1.289652e-01 -1.589125e-03 7.146914e-04 9.999995e-01 1.105157e-05 -2.418873e-05 -9.541646e-04
1.435643e-01 -5.192006e-03 -1.561999e-03 9.999996e-01 4.916156e-05 -3.052325e-04 -8.833841e-04
1.662995e-01 -9.064543e-03 1.426078e-04 9.999994e-01 2.336220e-04 -1.684291e-04 -1.097631e-03
1.904865e-01 3.739798e-05 1.537537e-03 9.999992e-01 2.681318e-04 -2.112498e-04 -1.221922e-03
2.074323e-01 -2.253827e-03 -1.932651e-03 9.999991e-01 2.498976e-05 -4.128891e-04 -1.300665e-03
2.267037e-01 1.121929e-02 -7.359430e-04 9.999984e-01 -2.659056e-04 -6.069737e-04 -1.648361e-03
2.621426e-01 -7.483725e-04 -6.623562e-03 9.999986e-01 -1.103131e-04 -3.354441e-04 -1.653901e-03
2.839601e-01 -2.852421e-03 -8.822739e-04 9.999984e-01 1.248652e-04 4.329737e-05 -1.784803e-03
3.114273e-01 -1.438402e-02 -2.221045e-03 9.999986e-01 2.682787e-04 2.361079e-04 -1.618121e-03
3.357796e-01 -5.912644e-03 4.683345e-03 9.999984e-01 8.119820e-05 7.952260e-04 -1.613249e-03
3.511199e-01 5.010902e-03 1.367321e-04 9.999987e-01 -1.460288e-04 7.725046e-04 -1.426002e-03
3.818212e-01 -7.900190e-03 -1.258955e-03 9.999990e-01 1.870644e-04 5.380505e-04 -1.317443e-03
3.941157e-01 -1.680342e-02 -2.690152e-04 9.999988e-01 8.156807e-04 9.925836e-04 -8.599879e-04
4.178194e-01 -8.460800e-03 3.278391e-03 9.999993e-01 6.850276e-04 8.872986e-04 -4.644049e-04
4.303349e-01 -1.242756e-02 1.258568e-03 9.999998e-01 4.150722e-04 4.730921e-04 3.090594e-04
4.431417e-01 2.151388e-03 2.233851e-03 9.999996e-01 1.045066e-05 4.940744e-04 6.800539e-04
4.304474e-01 -5.295113e-03 -1.073548e-03 9.999992e-01 2.352426e-04 2.945628e-04 1.232245e-03
4.531199e-01 1.029047e-03 5.124715e-03 9.999974e-01 5.181774e-04 5.866819e-05 2.209416e-03
4.741852e-01 2.927269e-03 1.475928e-03 9.999955e-01 6.227834e-04 -7.223907e-05 2.949969e-03
4.883027e-01 -2.106793e-04 1.219687e-03 9.999927e-01 8.941730e-04 1.202859e-04 3.704331e-03
4.980218e-01 5.710163e-03 1.977244e-03 9.999859e-01 1.053591e-03 -2.625712e-04 5.204793e-03
5.174340e-01 8.850939e-03 -1.536368e-03 9.999774e-01 1.428555e-03 -7.702086e-04 6.517946e-03
5.264152e-01 1.213321e-02 5.628392e-03 9.999683e-01 1.331236e-03 9.240060e-05 7.852488e-03
5.350159e-01 7.170327e-03 3.586405e-03 9.999588e-01 4.672753e-04 6.080257e-04 9.049881e-03
5.490924e-01 1.145091e-02 3.690332e-03 9.999457e-01 2.010053e-04 6.990831e-04 1.039802e-02
5.707945e-01 1.135147e-02 -4.808576e-04 9.999304e-01 2.664009e-04 3.805784e-04 1.179130e-02
5.841486e-01 2.136567e-02 2.395004e-03 9.999099e-01 9.725878e-04 7.287716e-04 1.336566e-02
5.946767e-01 2.392909e-02 6.708975e-03 9.998953e-01 -5.592865e-05 1.167966e-03 1.442472e-02
6.076985e-01 1.193041e-02 1.746682e-03 9.998777e-01 1.906638e-04 5.975226e-04 1.562456e-02
6.063033e-01 4.152018e-02 5.616851e-03 9.998612e-01 -2.741761e-04 6.582257e-04 1.664273e-02
6.200353e-01 4.388476e-02 4.706178e-03 9.998441e-01 -6.296396e-04 9.439408e-04 1.762079e-02
6.459694e-01 3.958324e-02 4.568087e-03 9.998372e-01 -1.637055e-03 5.804709e-04 1.796082e-02
6.418074e-01 5.113951e-02 -3.317792e-03 9.998286e-01 -6.869203e-04 -3.839945e-04 1.849712e-02
6.517944e-01 2.717327e-02 9.261281e-03 9.998141e-01 2.021070e-04 -3.161063e-04 1.927604e-02
6.551030e-01 4.095155e-02 3.235252e-03 9.998035e-01 -3.003603e-04 -4.237038e-04 1.981430e-02
6.657839e-01 3.975896e-02 3.968844e-03 9.997943e-01 -1.141581e-03 -6.075707e-04 2.023942e-02
6.697721e-01 3.079144e-02 -7.099653e-03 9.997846e-01 6.863120e-04 3.286244e-04 2.074219e-02
6.749871e-01 2.693015e-02 8.240198e-03 9.997799e-01 1.893848e-03 1.152091e-03 2.086184e-02
6.850251e-01 2.777262e-02 7.818857e-03 9.997792e-01 2.888701e-04 1.383565e-03 2.096398e-02
7.035063e-01 2.434903e-02 7.259718e-03 9.997754e-01 1.012844e-03 9.763988e-04 2.114720e-02
6.412472e-01 3.080371e-02 7.112600e-03 9.997831e-01 3.578423e-04 5.644544e-04 2.081573e-02
6.362324e-01 4.264919e-02 8.790400e-03 9.997832e-01 9.089767e-05 6.020311e-04 2.081407e-02
7.156832e-01 5.173269e-02 8.323680e-04 9.997676e-01 -6.713230e-04 3.970555e-04 2.154318e-02
7.139071e-01 4.877571e-02 7.675161e-03 9.997688e-01 -1.201954e-04 9.837997e-04 2.148143e-02
7.353867e-01 5.014611e-02 -4.341421e-04 9.997678e-01 -8.013602e-04 6.898851e-04 2.152353e-02
7.514049e-01 4.194629e-02 6.991674e-03 9.997755e-01 -6.061516e-04 1.001890e-03 2.115758e-02
7.641014e-01 3.952815e-02 2.012069e-03 9.997750e-01 -6.204304e-04 8.548934e-04 2.118712e-02
7.632599e-01 3.537331e-02 5.161394e-03 9.997726e-01 8.365183e-06 2.061826e-04 2.132164e-02
7.731804e-01 2.991310e-02 2.202629e-03 9.997763e-01 1.656249e-03 -6.003926e-04 2.107592e-02
7.784400e-01 3.098602e-02 1.760130e-02 9.997881e-01 -8.202965e-04 -1.244693e-03 2.053130e-02
7.939011e-01 2.188689e-02 -6.329552e-03 9.997970e-01 -1.607971e-03 -2.033473e-03 1.998262e-02
8.179917e-01 2.298383e-02 -2.205319e-03 9.998051e-01 1.273087e-03 -1.504782e-03 1.964375e-02
8.202290e-01 1.897194e-02 5.770155e-03 9.998205e-01 -7.071561e-04 -1.340661e-04 1.893085e-02
8.385917e-01 1.676455e-02 7.934502e-04 9.998450e-01 4.835687e-04 4.774536e-04 1.759529e-02
8.497495e-01 1.500544e-02 5.202275e-03 9.998441e-01 2.134555e-04 -5.029378e-04 1.764800e-02
8.496356e-01 1.465279e-02 8.130917e-03 9.998596e-01 -2.453010e-05 -1.118678e-03 1.671895e-02
8.576992e-01 1.691101e-02 4.620109e-03 9.998711e-01 4.960109e-04 -1.460045e-03 1.598339e-02
8.570087e-01 2.302589e-02 8.666014e-03 9.998937e-01 -1.777170e-03 -4.678155e-04 1.446432e-02
8.597884e-01 3.747638e-02 6.582793e-03 9.999199e-01 -1.064484e-03 -9.813932e-05 1.261032e-02
8.516439e-01 2.812814e-02 4.922116e-03 9.999400e-01 -1.827426e-03 -1.960690e-04 1.079984e-02
8.678388e-01 2.796269e-02 7.068916e-03 9.999620e-01 -1.685589e-03 1.794881e-05 8.557635e-03
8.751103e-01 2.186523e-02 4.467080e-03 9.999751e-01 -1.464086e-03 2.529589e-04 6.898348e-03
8.862142e-01 1.855091e-02 6.223369e-03 9.999845e-01 -1.234336e-03 9.827730e-05 5.424283e-03
8.846428e-01 2.634755e-02 4.102350e-03 9.999924e-01 -9.335763e-04 -2.931592e-04 3.763276e-03
8.917010e-01 5.025537e-03 6.782397e-03 9.999975e-01 -4.370354e-04 -5.221397e-04 2.148672e-03
9.009484e-01 9.037453e-03 1.083984e-02 9.999985e-01 -9.450402e-04 -9.149146e-04 1.127151e-03
9.045244e-01 1.245231e-02 2.853431e-03 9.999993e-01 -1.136032e-03 -2.007509e-05 2.504700e-04
9.202754e-01 1.245256e-02 3.704723e-03 9.999992e-01 -4.149896e-04 1.160235e-03 -4.116119e-04
9.272737e-01 -4.867748e-03 1.448107e-03 9.999982e-01 6.371078e-04 1.700801e-03 -5.031748e-04
9.310588e-01 -1.155580e-03 7.533880e-03 9.999992e-01 1.127329e-03 3.672356e-04 -5.314881e-04
9.356766e-01 1.909044e-03 7.104475e-03 9.999986e-01 1.527820e-03 9.953842e-06 -6.194979e-04
9.449033e-01 -1.624108e-03 8.843031e-03 9.999994e-01 6.990521e-04 5.056815e-04 -6.162945e-04
9.457480e-01 -5.132133e-03 6.532775e-03 9.999992e-01 3.418683e-04 1.037177e-03 -5.772755e-04
9.468334e-01 -1.066492e-04 1.589767e-02 9.999975e-01 1.982484e-05 2.190261e-03 -4.710805e-04
9.512483e-01 1.616660e-02 -4.606376e-03 9.999907e-01 -9.294982e-04 4.166150e-03 -5.623310e-04
9.656460e-01 -2.126055e-03 7.468778e-03 9.999899e-01 2.215773e-03 3.859489e-03 -6.727584e-04
