-3.592458e-04 2.640188e-05 2.314472e-02 1.000000e+00 -2.040348e-05 1.814623e-05 8.482198e-05
-1.214487e-03 -3.434137e-03 2.603235e-02 1.000000e+00 -1.137344e-04 -1.603591e-05 3.478794e-05
7.749581e-04 -5.169683e-03 3.218410e-02 1.000000e+00 -4.253534e-05 2.031128e-06 8.299505e-05
-1.823290e-04 -7.594345e-05 3.628007e-02 1.000000e+00 2.287156e-04 8.627532e-05 1.507880e-04
-1.340241e-03 3.878888e-03 4.389641e-02 9.999998e-01 6.245654e-04 5.012722e-05 -1.832621e-04
-3.059305e-03 -2.024856e-03 5.033042e-02 9.999997e-01 6.585427e-04 9.733588e-05 -3.017108e-04
-7.585420e-04 -2.626443e-03 6.263694e-02 9.999993e-01 1.048292e-03 2.131470e-04 -4.259676e-04
9.871641e-04 -4.102020e-03 8.083546e-02 9.999996e-01 7.115292e-04 4.208879e-04 -2.575219e-04
-2.520718e-04 -3.498403e-03 9.994895e-02 9.999997e-01 3.414659e-04 6.668904e-04 1.126293e-04
-1.047965e-04 2.403293e-03 1.181253e-01 9.999997e-01 -2.405154e-05 7.660779e-04 -1.681506e-04
-3.046994e-03 3.375481e-03 1.336687e-01 9.999995e-01 -4.839202e-05 9.794119e-04 -1.857738e-04
2.806427e-03 -2.654635e-04 1.540303e-01 9.999996e-01 2.130187e-04 9.055380e-04 -1.309839e-05
1.361521e-03 1.219240e-03 1.697592e-01 9.999994e-01 5.531342e-04 9.928650e-04 -4.291922e-05
-1.505959e-03 1.184869e-03 1.922787e-01 9.999989e-01 3.149969e-04 1.397645e-03 3.260465e-04
-1.722814e-03 1.759340e-03 2.121876e-01 9.999988e-01 5.080746e-04 1.437863e-03 1.455910e-04
-3.034341e-04 1.338397e-03 2.319749e-01 9.999987e-01 7.063924e-04 1.453213e-03 -2.023891e-04
-1.331608e-03 5.683614e-03 2.579637e-01 9.999982e-01 8.814604e-04 1.661326e-03 -3.861022e-04
2.750289e-03 6.053265e-03 2.850188e-01 9.999986e-01 3.792713e-04 1.619390e-03 -2.603083e-04
3.852593e-03 5.576320e-03 3.089661e-01 9.999985e-01 1.358333e-04 1.725810e-03 1.993509e-04
4.262876e-03 1.065166e-02 3.359437e-01 9.999983e-01 -2.210840e-05 1.822408e-03 2.914134e-04
3.550395e-03 5.987601e-04 3.658086e-01 9.999981e-01 -8.299541e-04 1.755538e-03 2.189593e-04
-1.373697e-03 7.953076e-04 3.959697e-01 9.999984e-01 -8.301812e-04 1.586212e-03 -2.924058e-04
4.959787e-04 9.444717e-04 4.069398e-01 9.999990e-01 -6.280443e-04 1.254739e-03 3.191761e-04
4.942144e-03 5.077375e-03 4.249407e-01 9.999984e-01 -1.108912e-03 7.781508e-04 1.142358e-03
-1.114666e-03 6.078450e-03 4.415341e-01 9.999994e-01 -8.073348e-04 4.455621e-04 6.309583e-04
1.201378e-05 2.188077e-03 4.425567e-01 9.999996e-01 -4.982385e-04 -2.471385e-04 6.519911e-04
-3.787348e-03 -8.440478e-04 4.564606e-01 9.999995e-01 -6.025369e-04 -7.889744e-04 -7.992346e-06
-6.952526e-03 1.090468e-02 4.794462e-01 9.999992e-01 -1.821615e-04 -1.202622e-03 4.123980e-04
-6.366734e-03 2.000103e-03 4.811216e-01 9.999978e-01 -1.400796e-04 -1.991389e-03 5.842416e-04
-7.222843e-03 5.786255e-03 4.944903e-01 9.999956e-01 3.656109e-05 -2.877852e-03 7.603073e-04
-1.216898e-02 2.672560e-03 4.976637e-01 9.999931e-01 -2.311027e-04 -3.640412e-03 7.230494e-04
-1.159311e-02 4.446695e-03 5.142853e-01 9.999857e-01 1.208322e-04 -5.250969e-03 9.606779e-04
-1.015647e-02 6.330395e-03 5.331345e-01 9.999766e-01 4.254829e-04 -6.624590e-03 1.640160e-03
-1.409529e-02 4.793051e-03 5.462643e-01 9.999683e-01 -3.398901e-04 -7.787925e-03 1.640685e-03
-2.065996e-02 3.436257e-03 5.485636e-01 9.999568e-01 -7.875919e-04 -9.241850e-03 5.444532e-04
-2.620604e-02 7.062483e-03 5.603158e-01 9.999438e-01 -6.733249e-04 -1.058400e-02 1.090862e-04
-2.444927e-02 2.882467e-03 5.784268e-01 9.999283e-01 -7.909596e-04 -1.194333e-02 3.777985e-04
-2.720458e-02 1.064004e-02 6.097518e-01 9.999114e-01 -8.879654e-04 -1.320297e-02 1.459678e-03
-3.923868e-02 6.866439e-03 6.057776e-01 9.998931e-01 -1.321646e-03 -1.456134e-02 -3.212754e-04
-4.007048e-02 4.605760e-03 6.085021e-01 9.998796e-01 -8.408731e-04 -1.548944e-02 4.003129e-04
-3.631562e-02 7.136728e-03 6.276000e-01 9.998560e-01 -7.028410e-04 -1.695708e-02 -1.241493e-04
-4.055852e-02 4.569425e-03 6.450153e-01 9.998425e-01 -1.177373e-03 -1.769136e-02 -7.246532e-04
-4.489282e-02 5.301980e-03 6.537509e-01 9.998405e-01 -6.520020e-04 -1.779997e-02 -1.278246e-03
-4.452853e-02 6.597511e-03 6.557198e-01 9.998299e-01 -1.797457e-04 -1.843534e-02 -4.377452e-04
-4.307203e-02 -4.798530e-04 6.497701e-01 9.998134e-01 2.561225e-04 -1.930523e-02 5.557189e-04
-4.813516e-02 4.768639e-03 6.583083e-01 9.998095e-01 3.421108e-05 -1.951350e-02 -5.074261e-04
-5.266373e-02 3.039075e-03 6.634482e-01 9.997924e-01 4.967327e-04 -2.034737e-02 -9.911700e-04
-4.905257e-02 1.230851e-02 6.892855e-01 9.997887e-01 -6.384202e-04 -2.050387e-02 1.318290e-03
-4.863656e-02 1.175978e-02 6.946323e-01 9.997883e-01 -1.156963e-03 -2.045970e-02 1.865909e-03
-5.017536e-02 3.998443e-03 6.939349e-01 9.997834e-01 -1.482429e-03 -2.075994e-02 7.407641e-05
-4.789218e-02 3.092630e-03 6.867459e-01 9.997832e-01 -1.480018e-03 -2.074982e-02 9.102427e-04
-4.642694e-02 -9.859454e-04 6.876685e-01 9.997678e-01 -6.084233e-04 -2.152481e-02 7.978834e-04
-4.509597e-02 1.209614e-03 6.962598e-01 9.997633e-01 -8.190037e-04 -2.174078e-02 -6.809240e-05
-4.822342e-02 3.157068e-03 7.113614e-01 9.997706e-01 -7.723537e-04 -2.139136e-02 -7.032640e-04
-4.063085e-02 4.640329e-03 7.076535e-01 9.997671e-01 -1.329521e-03 -2.154005e-02 -2.266935e-04
-5.060221e-02 1.181470e-03 7.377076e-01 9.997703e-01 -1.106020e-03 -2.139283e-02 -6.192808e-04
-5.144257e-02 6.434001e-03 7.346778e-01 9.997774e-01 -1.219856e-03 -2.106070e-02 -4.272952e-04
-4.907775e-02 7.968589e-03 7.537343e-01 9.997743e-01 -1.119089e-03 -2.120176e-02 -7.811805e-04
-5.266863e-02 9.675857e-03 7.875405e-01 9.997755e-01 -3.978630e-04 -2.118492e-02 -2.045085e-04
-4.225763e-02 3.997021e-03 7.801970e-01 9.997823e-01 3.677353e-04 -2.078539e-02 1.786239e-03
-4.573379e-02 1.041246e-03 7.860404e-01 9.997898e-01 1.067942e-03 -2.045256e-02 -9.772366e-04
-5.080582e-02 8.042150e-03 7.969551e-01 9.997960e-01 1.641529e-03 -2.006950e-02 -1.557260e-03
-4.372493e-02 1.591124e-02 8.235492e-01 9.998129e-01 1.453065e-03 -1.921974e-02 1.613293e-03
-4.410190e-02 1.097109e-02 8.181521e-01 9.998175e-01 1.218187e-04 -1.907771e-02 -1.032796e-03
-4.210868e-02 1.168437e-02 8.456053e-01 9.998492e-01 -7.230690e-04 -1.733606e-02 6.718871e-04
-4.103782e-02 5.144275e-03 8.542406e-01 9.998501e-01 4.986951e-04 -1.730289e-02 3.061567e-04
-4.042052e-02 2.082494e-03 8.683309e-01 9.998638e-01 9.696076e-04 -1.646825e-02 -4.054139e-04
-3.738587e-02 8.577092e-03 8.754778e-01 9.998736e-01 1.450988e-03 -1.578682e-02 1.236175e-03
-3.602361e-02 8.398350e-03 8.727027e-01 9.998905e-01 2.102933e-04 -1.464999e-02 -2.076782e-03
-4.318716e-02 7.388789e-03 9.075829e-01 9.999228e-01 -3.987971e-05 -1.238878e-02 -9.218380e-04
-3.069993e-02 4.859651e-03 8.813090e-01 9.999397e-01 2.839322e-04 -1.088699e-02 -1.411372e-03
-3.069182e-02 6.444206e-03 9.021272e-01 9.999634e-01 -4.494049e-04 -8.375331e-03 -1.706061e-03
-2.662518e-02 2.773624e-03 9.042362e-01 9.999757e-01 -2.678124e-04 -6.826934e-03 -1.372430e-03
-2.650761e-02 2.467395e-03 9.214385e-01 9.999837e-01 -3.419488e-04 -5.403069e-03 -1.787985e-03
-1.965643e-02 3.392118e-03 9.123899e-01 9.999923e-01 9.005559e-05 -3.642730e-03 -1.465046e-03
-1.248280e-02 1.685744e-04 9.175523e-01 9.999979e-01 3.578981e-04 -1.977508e-03 -3.588565e-04
-2.090811e-02 -7.879190e-04 9.377859e-01 9.999984e-01 9.725433e-04 -8.034693e-04 -1.239857e-03
-1.395151e-02 1.741608e-02 9.188296e-01 9.999992e-01 3.191865e-05 -1.302368e-04 -1.228358e-03
4.346491e-03 -1.474554e-04 9.361814e-01 9.999990e-01 -1.350065e-03 1.035951e-04 -3.321740e-04
1.925818e-03 9.629317e-03 9.685498e-01 9.999976e-01 -1.897003e-03 6.551776e-04 9.302663e-04
2.696915e-03 -6.153650e-03 9.755181e-01 9.999988e-01 -7.726756e-04 6.614208e-04 1.165308e-03
1.578106e-03 5.151505e-03 9.588234e-01 9.999986e-01 -1.312897e-04 7.154680e-04 1.524646e-03
-2.478250e-03 9.503912e-03 9.636734e-01 9.999994e-01 -5.680750e-04 5.418402e-04 7.740440e-04
-2.939096e-03 3.266133e-03 9.692706e-01 9.999988e-01 -1.207203e-03 6.672596e-04 7.015366e-04
-1.637765e-03 2.693773e-03 9.691675e-01 9.999978e-01 -2.015948e-03 5.698083e-04 1.376878e-04
-5.619559e-03 1.487254e-02 9.853586e-01 9.999900e-01 -4.359475e-03 5.723378e-04 -8.008894e-04
8.497272e-04 -5.319456e-03 9.778201e-01 9.999872e-01 -4.718012e-03 6.547213e-04 1.714753e-03
-9.310938e-04 -6.822419e-03 9.642048e-01 9.999988e-01 1.535051e-03 -3.067206e-05 -1.687583e-05
